#          omega_b,        omega_cdm,               H0,     ln10^{10}A_s,              n_s,            lgfR0,              aIA,            etaIA,           bias_1,           bias_2,           bias_3,           bias_4,           bias_5,           bias_6,           bias_7,           bias_8,           bias_9,          bias_10,      sigma8_fofR
 1.14889978029947622139e-07	 2.40115945406067240790e-07	 8.17561841098041110903e-05	-1.15600547754509523250e-06	-1.65815216890642434107e-07	 5.51100011986300031576e-07	 2.42660651277588641005e-07	-2.46415891106176509094e-07	 4.72214007823257163876e-08	 5.74446459561728895995e-08	 4.95903446106945552947e-08	 3.94265576858021785604e-08	 3.09368084296922696187e-08	 2.05690392823731166928e-08	 2.00549875736940179775e-08	-4.19505911555232428861e-09	 3.51397873007584210855e-08	-8.47632040410384202861e-09	-3.59708906575356987737e-08	
 2.40115945406067240790e-07	 2.07174413947699487867e-06	 6.03739446704849164194e-04	-2.09928224141955572320e-05	-5.04676214539203809629e-06	-4.93677482670208038311e-05	 1.60945394506546000902e-08	 2.96115816232496776753e-06	-1.59636941281695298566e-06	-1.43039136149034949015e-06	-1.26332341335972489232e-06	-1.00247216631667954455e-06	-7.01372854621908493794e-07	-4.91250885944831254694e-07	-2.77097716027608019417e-07	-2.65681412935121482779e-07	 1.73120112134265773634e-07	 4.87581789015990930222e-07	 1.15521931724042463886e-06	
 8.17561841098041110903e-05	 6.03739446704849164194e-04	 1.95251553781753989236e-01	-5.81208446288952219894e-03	-1.64245623175523960263e-03	-1.83778182754328923976e-02	-3.76108711409084810477e-05	 1.47465007913770689701e-03	-8.43125634300233555568e-04	-7.86393773591355501815e-04	-7.15135408925615906166e-04	-6.00364677493264004525e-04	-4.86500765687942907448e-04	-3.95583089703245506692e-04	-3.05988384666570553943e-04	-2.56053218387771092980e-04	-1.01016256003744932658e-04	 5.17313097425783910356e-05	 5.68140065029523722538e-04	
-1.15600547754509523250e-06	-2.09928224141955572320e-05	-5.81208446288952219894e-03	 2.38747641819755121667e-04	 5.58947363193306321814e-05	 6.14088419373077978175e-04	 6.32348948064110934440e-07	-3.41852298269672977282e-05	 1.66067424985116252295e-05	 1.39258783766188832024e-05	 1.14197738208747959590e-05	 7.80836724924112799827e-06	 3.85629267547676650907e-06	 8.19020091727532741985e-07	-2.11461398518345871763e-06	-2.69468581658265237899e-06	-7.62755556505496661084e-06	-1.20961439939118300458e-05	-1.22542329051417261449e-05	
-1.65815216890642434107e-07	-5.04676214539203809629e-06	-1.64245623175523960263e-03	 5.58947363193306321814e-05	 2.05244525315897750970e-05	 2.59597883059039223359e-04	 3.42641462707113948202e-06	-2.07964400679792516436e-05	 1.07270595935672643476e-05	 1.01089215504231576828e-05	 8.80718170904949527815e-06	 7.20901545841686714969e-06	 5.53634681835858127879e-06	 3.92336994571918446569e-06	 2.80642553488625355401e-06	 1.64390605044544676477e-06	-7.34428484824296358660e-08	-2.61175588648489712747e-06	-7.85667282373964682974e-06	
 5.51100011986300031576e-07	-4.93677482670208038311e-05	-1.83778182754328923976e-02	 6.14088419373077978175e-04	 2.59597883059039223359e-04	 4.13417006306386961012e-03	 3.46438455188281699227e-05	-3.31224213421964154992e-04	 1.76752319863751606015e-04	 1.61939039792470963319e-04	 1.38038739264518520080e-04	 1.07414418612162795071e-04	 7.98983064348607487483e-05	 4.91774510867092659160e-05	 2.87755176161128116430e-05	 2.28077123431163727554e-06	-2.45369395720829139881e-05	-6.99738247548366124919e-05	-1.24399209400927559556e-04	
 2.42660651277588641005e-07	 1.60945394506546000902e-08	-3.76108711409084810477e-05	 6.32348948064110934440e-07	 3.42641462707113948202e-06	 3.46438455188281699227e-05	 3.95522461888092320258e-04	-3.89792377165835588967e-04	 2.67511481468538409072e-06	 3.43452710344444926186e-06	 3.01586876394002581444e-06	 2.33737797682336515234e-06	 2.19641439863244326892e-06	 2.16924972831792819684e-06	 1.30914482046652822081e-06	 1.19914067519448526597e-06	 2.41530752428849239234e-06	 1.25075051249039099954e-06	-1.95846540070311254977e-06	
-2.46415891106176509094e-07	 2.96115816232496776753e-06	 1.47465007913770689701e-03	-3.41852298269672977282e-05	-2.07964400679792516436e-05	-3.31224213421964154992e-04	-3.89792377165835588967e-04	 4.65290850794200972103e-04	-2.04699191550052105384e-05	-1.96940002340196804230e-05	-1.78415586451549403317e-05	-1.48356996548907346754e-05	-1.25553395236537622615e-05	-1.07067448836663978672e-05	-7.51549977772835242434e-06	-6.15897548162466321078e-06	-5.06756934814391319223e-06	-5.71305230998711090780e-07	 1.32423348661941097661e-05	
 4.72214007823257163876e-08	-1.59636941281695298566e-06	-8.43125634300233555568e-04	 1.66067424985116252295e-05	 1.07270595935672643476e-05	 1.76752319863751606015e-04	 2.67511481468538409072e-06	-2.04699191550052105384e-05	 1.18848755865152574219e-05	 1.11590145345562869893e-05	 1.03930122659473794366e-05	 8.93896502680715745624e-06	 7.82225400112862444453e-06	 6.64572748566374457436e-06	 5.79237577334680145072e-06	 4.35937998474660232047e-06	 3.32834762107810937614e-06	 1.01217616542655569406e-06	-7.50728734685188109273e-06	
 5.74446459561728895995e-08	-1.43039136149034949015e-06	-7.86393773591355501815e-04	 1.39258783766188832024e-05	 1.01089215504231576828e-05	 1.61939039792470963319e-04	 3.43452710344444926186e-06	-1.96940002340196804230e-05	 1.11590145345562869893e-05	 1.16751572536810435915e-05	 1.01551012049634263948e-05	 9.13560587397997377144e-06	 8.13259971790725317545e-06	 7.02452504366191870182e-06	 6.29086218862524651632e-06	 4.95909570753312621739e-06	 3.97815285068144916883e-06	 1.98402363993800880481e-06	-7.32641577165960784291e-06	
 4.95903446106945552947e-08	-1.26332341335972489232e-06	-7.15135408925615906166e-04	 1.14197738208747959590e-05	 8.80718170904949527815e-06	 1.38038739264518520080e-04	 3.01586876394002581444e-06	-1.78415586451549403317e-05	 1.03930122659473794366e-05	 1.01551012049634263948e-05	 1.07871198049463508140e-05	 8.36476269759467434665e-06	 8.01431451323543883787e-06	 6.95055832689027293890e-06	 6.39765572910216105424e-06	 5.27357629344414434994e-06	 4.46193456255123317722e-06	 2.73204293812352023535e-06	-6.70180399301475819562e-06	
 3.94265576858021785604e-08	-1.00247216631667954455e-06	-6.00364677493264004525e-04	 7.80836724924112799827e-06	 7.20901545841686714969e-06	 1.07414418612162795071e-04	 2.33737797682336515234e-06	-1.48356996548907346754e-05	 8.93896502680715745624e-06	 9.13560587397997377144e-06	 8.36476269759467434665e-06	 9.27283156228048427319e-06	 6.78729762689787681430e-06	 6.75133593662761580999e-06	 6.18695691995904491667e-06	 5.32935373169464170255e-06	 4.71164441985355531787e-06	 3.20969044322012534321e-06	-5.76411203295885233655e-06	
 3.09368084296922696187e-08	-7.01372854621908493794e-07	-4.86500765687942907448e-04	 3.85629267547676650907e-06	 5.53634681835858127879e-06	 7.98983064348607487483e-05	 2.19641439863244326892e-06	-1.25553395236537622615e-05	 7.82225400112862444453e-06	 8.13259971790725317545e-06	 8.01431451323543883787e-06	 6.78729762689787681430e-06	 8.60405208627024624998e-06	 5.69249787945819713387e-06	 6.43897323852420010930e-06	 5.31168236626891611364e-06	 4.98729072418169990145e-06	 3.85171932154433894856e-06	-4.98477816380391028036e-06	
 2.05690392823731166928e-08	-4.91250885944831254694e-07	-3.95583089703245506692e-04	 8.19020091727532741985e-07	 3.92336994571918446569e-06	 4.91774510867092659160e-05	 2.16924972831792819684e-06	-1.07067448836663978672e-05	 6.64572748566374457436e-06	 7.02452504366191870182e-06	 6.95055832689027293890e-06	 6.75133593662761580999e-06	 5.69249787945819713387e-06	 8.19415952927517927972e-06	 5.18518845351368341329e-06	 5.73825336852648350283e-06	 5.37710486700957625695e-06	 4.63462902585052124093e-06	-4.09617591815605051940e-06	
 2.00549875736940179775e-08	-2.77097716027608019417e-07	-3.05988384666570553943e-04	-2.11461398518345871763e-06	 2.80642553488625355401e-06	 2.87755176161128116430e-05	 1.30914482046652822081e-06	-7.51549977772835242434e-06	 5.79237577334680145072e-06	 6.29086218862524651632e-06	 6.39765572910216105424e-06	 6.18695691995904491667e-06	 6.43897323852420010930e-06	 5.18518845351368341329e-06	 8.73238724296442209714e-06	 4.88774106031300248864e-06	 5.82570686230482903694e-06	 5.16243600699567565572e-06	-3.53652324904003066388e-06	
-4.19505911555232428861e-09	-2.65681412935121482779e-07	-2.56053218387771092980e-04	-2.69468581658265237899e-06	 1.64390605044544676477e-06	 2.28077123431163727554e-06	 1.19914067519448526597e-06	-6.15897548162466321078e-06	 4.35937998474660232047e-06	 4.95909570753312621739e-06	 5.27357629344414434994e-06	 5.32935373169464170255e-06	 5.31168236626891611364e-06	 5.73825336852648350283e-06	 4.88774106031300248864e-06	 7.55058404322483811967e-06	 5.08026981217860585212e-06	 5.48318424555159017941e-06	-2.57665552232765992634e-06	
 3.51397873007584210855e-08	 1.73120112134265773634e-07	-1.01016256003744932658e-04	-7.62755556505496661084e-06	-7.34428484824296358660e-08	-2.45369395720829139881e-05	 2.41530752428849239234e-06	-5.06756934814391319223e-06	 3.32834762107810937614e-06	 3.97815285068144916883e-06	 4.46193456255123317722e-06	 4.71164441985355531787e-06	 4.98729072418169990145e-06	 5.37710486700957625695e-06	 5.82570686230482903694e-06	 5.08026981217860585212e-06	 7.79694942223979224269e-06	 5.65677401651899611115e-06	-1.84119599709279969298e-06	
-8.47632040410384202861e-09	 4.87581789015990930222e-07	 5.17313097425783910356e-05	-1.20961439939118300458e-05	-2.61175588648489712747e-06	-6.99738247548366124919e-05	 1.25075051249039099954e-06	-5.71305230998711090780e-07	 1.01217616542655569406e-06	 1.98402363993800880481e-06	 2.73204293812352023535e-06	 3.20969044322012534321e-06	 3.85171932154433894856e-06	 4.63462902585052124093e-06	 5.16243600699567565572e-06	 5.48318424555159017941e-06	 5.65677401651899611115e-06	 9.30892385137171379068e-06	-3.23752358361387190434e-07	
-3.59708906575356987737e-08	 1.15521931724042463886e-06	 5.68140065029523722538e-04	-1.22542329051417261449e-05	-7.85667282373964682974e-06	-1.24399209400927559556e-04	-1.95846540070311254977e-06	 1.32423348661941097661e-05	-7.50728734685188109273e-06	-7.32641577165960784291e-06	-6.70180399301475819562e-06	-5.76411203295885233655e-06	-4.98477816380391028036e-06	-4.09617591815605051940e-06	-3.53652324904003066388e-06	-2.57665552232765992634e-06	-1.84119599709279969298e-06	-3.23752358361387190434e-07	 5.03893958548396251034e-06	
