#          omega_b,        omega_cdm,               H0,     ln10^{10}A_s,              n_s,            lgfR0,              aIA,            etaIA,          log10Mc,             thej,      sigma8_fofR
 1.169121e-07	 2.275388e-07	 9.788779e-05	-9.261466e-07	-3.139061e-09	-3.154665e-05	 2.187722e-06	-2.143205e-06	 1.051621e-06	 6.843638e-05	 9.276370e-07	
 2.275388e-07	 1.470176e-05	 1.655209e-03	-1.715332e-04	-4.502308e-06	 1.301195e-03	-2.005961e-05	 1.522332e-05	-3.103884e-04	-7.535076e-04	-4.465645e-05	
 9.788779e-05	 1.655209e-03	 9.200901e-01	-1.212573e-02	 1.694364e-05	-2.032812e-01	-6.992732e-03	 1.773386e-02	 1.731774e-01	 2.036669e-01	 1.115106e-02	
-9.261466e-07	-1.715332e-04	-1.212573e-02	 2.200062e-03	 5.276617e-05	-1.716476e-02	 3.031516e-04	-3.017125e-04	 4.314832e-03	 1.335804e-02	 6.563672e-04	
-3.139061e-09	-4.502308e-06	 1.694364e-05	 5.276617e-05	 1.801137e-05	-5.567888e-04	-2.694667e-05	 6.040675e-05	 3.768427e-04	 7.607593e-04	 2.688618e-05	
-3.154665e-05	 1.301195e-03	-2.032812e-01	-1.716476e-02	-5.567888e-04	 4.162466e-01	-1.580907e-03	-3.051398e-03	-1.404302e-01	-3.670729e-01	-1.389311e-02	
 2.187722e-06	-2.005961e-05	-6.992732e-03	 3.031516e-04	-2.694667e-05	-1.580907e-03	 3.047966e-03	-4.093949e-03	 2.707385e-03	-7.922424e-03	-2.167070e-05	
-2.143205e-06	 1.522332e-05	 1.773386e-02	-3.017125e-04	 6.040675e-05	-3.051398e-03	-4.093949e-03	 6.529831e-03	 3.397045e-03	 1.398538e-03	 2.492501e-04	
 1.051621e-06	-3.103884e-04	 1.731774e-01	 4.314832e-03	 3.768427e-04	-1.404302e-01	 2.707385e-03	 3.397045e-03	 2.728809e-01	-3.984049e-01	 5.559235e-03	
 6.843638e-05	-7.535076e-04	 2.036669e-01	 1.335804e-02	 7.607593e-04	-3.670729e-01	-7.922424e-03	 1.398538e-03	-3.984049e-01	 1.993376e+00	 1.363073e-02	
 9.276370e-07	-4.465645e-05	 1.115106e-02	 6.563672e-04	 2.688618e-05	-1.389311e-02	-2.167070e-05	 2.492501e-04	 5.559235e-03	 1.363073e-02	 5.422273e-04	
