#          omega_b,        omega_cdm,               H0,     ln10^{10}A_s,              n_s,            lgfR0,              aIA,            etaIA,          log10Mc,             thej,      sigma8_fofR
 1.128152e-07	 1.515721e-07	 7.550803e-05	 3.864384e-07	-1.116540e-07	-1.623290e-07	-2.020511e-06	 1.343664e-06	-9.440227e-06	 2.394192e-05	 2.192334e-07	
 1.515721e-07	 1.149832e-05	 1.658217e-03	-1.421677e-04	-3.735865e-06	 3.060709e-04	-2.952945e-05	 2.114711e-05	 8.723431e-05	-3.899567e-04	-2.028188e-05	
 7.550803e-05	 1.658217e-03	 5.459317e-01	-1.657129e-02	-9.977416e-04	-3.347662e-02	-8.890898e-03	 1.405790e-02	 4.164906e-02	 1.217427e-02	 2.527466e-03	
 3.864384e-07	-1.421677e-04	-1.657129e-02	 1.890774e-03	 4.002307e-05	-4.029875e-03	 4.155533e-04	-3.508442e-04	-1.703729e-03	 8.159818e-03	 3.088775e-04	
-1.116540e-07	-3.735865e-06	-9.977416e-04	 4.002307e-05	 1.687114e-05	 2.698386e-05	 3.250544e-05	-4.979797e-05	 5.425902e-05	 3.109795e-04	 3.097541e-06	
-1.623290e-07	 3.060709e-04	-3.347662e-02	-4.029875e-03	 2.698386e-05	 4.148296e-02	 1.867864e-03	-4.982229e-03	-1.837209e-02	-1.439952e-02	-2.294839e-03	
-2.020511e-06	-2.952945e-05	-8.890898e-03	 4.155533e-04	 3.250544e-05	 1.867864e-03	 2.263769e-03	-3.087203e-03	-2.699570e-03	 6.778611e-03	-4.125154e-05	
 1.343664e-06	 2.114711e-05	 1.405790e-02	-3.508442e-04	-4.979797e-05	-4.982229e-03	-3.087203e-03	 4.920057e-03	 4.650500e-03	-9.027507e-03	 1.863635e-04	
-9.440227e-06	 8.723431e-05	 4.164906e-02	-1.703729e-03	 5.425902e-05	-1.837209e-02	-2.699570e-03	 4.650500e-03	 2.454536e-02	-4.055956e-02	 6.974585e-04	
 2.394192e-05	-3.899567e-04	 1.217427e-02	 8.159818e-03	 3.109795e-04	-1.439952e-02	 6.778611e-03	-9.027507e-03	-4.055956e-02	 2.492557e-01	 2.398611e-03	
 2.192334e-07	-2.028188e-05	 2.527466e-03	 3.088775e-04	 3.097541e-06	-2.294839e-03	-4.125154e-05	 1.863635e-04	 6.974585e-04	 2.398611e-03	 1.501202e-04	
