#          omega_b,        omega_cdm,               H0,     ln10^{10}A_s,              n_s,            lgfR0,              aIA,            etaIA,          log10Mc,             thej,      sigma8_fofR
 1.337343e-07	 2.200537e-07	 1.090372e-04	-5.402431e-07	-6.059116e-08	-1.435042e-05	-3.580139e-07	 6.247172e-07	-1.916501e-06	 2.768224e-05	 6.748359e-07	
 2.200537e-07	 1.523642e-05	 2.030640e-03	-1.794292e-04	-3.496121e-06	 9.334554e-04	-4.430020e-05	 4.835020e-05	-1.080849e-04	-4.479010e-04	-3.773010e-05	
 1.090372e-04	 2.030640e-03	 1.154219e+00	-1.395060e-02	-8.607539e-04	-2.658613e-01	-3.849637e-03	 1.824180e-02	 4.164591e-02	 6.035364e-01	 1.518388e-02	
-5.402431e-07	-1.794292e-04	-1.395060e-02	 2.345860e-03	 3.639109e-05	-1.349098e-02	 5.510366e-04	-5.797305e-04	 5.850865e-04	 1.349481e-02	 6.331681e-04	
-6.059116e-08	-3.496121e-06	-8.607539e-04	 3.639109e-05	 1.613556e-05	 6.942870e-05	 2.386000e-06	-5.930904e-07	-3.704799e-06	 2.573770e-04	 1.332094e-06	
-1.435042e-05	 9.334554e-04	-2.658613e-01	-1.349098e-02	 6.942870e-05	 3.426115e-01	-5.236847e-03	-1.438282e-03	-4.828542e-02	-4.262078e-01	-1.348798e-02	
-3.580139e-07	-4.430020e-05	-3.849637e-03	 5.510366e-04	 2.386000e-06	-5.236847e-03	 2.839093e-03	-3.411301e-03	-1.898162e-03	 1.323691e-02	 2.052219e-04	
 6.247172e-07	 4.835020e-05	 1.824180e-02	-5.797305e-04	-5.930904e-07	-1.438282e-03	-3.411301e-03	 5.262470e-03	 4.491040e-03	-8.323473e-03	 1.076983e-04	
-1.916501e-06	-1.080849e-04	 4.164591e-02	 5.850865e-04	-3.704799e-06	-4.828542e-02	-1.898162e-03	 4.491040e-03	 1.122419e-01	-2.765533e-01	 1.563487e-03	
 2.768224e-05	-4.479010e-04	 6.035364e-01	 1.349481e-02	 2.573770e-04	-4.262078e-01	 1.323691e-02	-8.323473e-03	-2.765533e-01	 2.031226e+00	 2.140550e-02	
 6.748359e-07	-3.773010e-05	 1.518388e-02	 6.331681e-04	 1.332094e-06	-1.348798e-02	 2.052219e-04	 1.076983e-04	 1.563487e-03	 2.140550e-02	 6.175824e-04	
